#Sat May 16 04:31:29 MSK 2020
P14=0.5
P13=0.2
P12=1.0
P44=1.0
P11=1.0
P43=3.0
P10=1.0
P42=3.0
P41=2.0
P40=9.0
M5=1.0
M4=1.0
M3=1.0
M2=1.0
M1=1.0
P04=0.1111111111111111
P03=0.5
\u04213=true
P02=1.0
P34=0.3333333333333333
\u04212=true
P01=1.0
P33=1.0
\u04211=true
P00=1.0
P32=3.0
\u04210=true
P31=5.0
P30=2.0
I1=true
I0=true
P24=0.3333333333333333
P23=0.3333333333333333
P22=1.0
P21=1.0
P20=1.0
