#Tue Jun 09 16:23:30 MSK 2020
P14=0.3333333333333333
P13=4.0
P12=3.0
P44=1.0
P11=1.0
P43=5.0
P10=0.3333333333333333
P42=3.0
P41=3.0
P40=0.3333333333333333
M5=0.09
M4=0.463
M3=0.24
M2=0.146
M1=0.061
P04=3.0
P03=3.0
P02=4.0
P34=0.2
P01=3.0
P33=1.0
P00=1.0
P32=0.25
P31=0.25
P30=0.3333333333333333
C3=false
C2=false
C1=true
C0=true
I1=false
I0=true
P24=0.3333333333333333
P23=4.0
P22=1.0
P21=0.3333333333333333
P20=0.25
