#Sun May 17 08:13:04 MSK 2020
P14=0.5
P13=0.2
P12=0.1111111111111111
P44=1.0
P11=1.0
P43=3.0
P10=1.0
P42=3.0
P41=2.0
P40=9.0
M5=0.058
M4=0.101
M3=0.16
M2=0.394
M1=0.286
P04=0.1111111111111111
P03=0.5
P02=1.0
P34=0.3333333333333333
P01=1.0
P33=1.0
P00=1.0
P32=3.0
P31=5.0
P30=2.0
C3=false
C2=false
C1=true
C0=true
I1=true
I0=false
P24=0.3333333333333333
P23=0.3333333333333333
P22=1.0
P21=9.0
P20=1.0
